t: 1
  2.963622,  0.699371,  0.727907,  0.715248,  0.745967,  0.719657,  0.703441,  0.730811,  0.733011,  0.758009,  0.766157,  0.771922,  0.728753,  0.770019,  0.712345
t: 2
  0.715694,  0.777909,  0.756833,  0.773406,  0.746968,  0.767615,  0.765438,  0.770438,  0.752613,  0.744369,  0.731167,  0.784943,  0.791296,  0.740264,  0.755593
t: 3
  0.724518,  0.740854,  0.794274,  0.767982,  0.754229,  0.729575,  0.791418,  0.779358,  0.782457,  0.787077,  0.774315,  0.749377,  0.717611,  0.742718,  0.761377
t: 4
  0.735474,  0.778536,  0.779049,  0.807057,  0.780845,  0.729139,  0.764082,  0.759459,  0.763161,  0.781438,  0.776044,  0.763620,  0.771307,  0.768860,  0.765282
t: 5
  0.758509,  0.754233,  0.792275,  0.771477,  0.769832,  0.764424,  0.792477,  0.790984,  0.755167,  0.744480,  0.794392,  0.765178,  0.768728,  0.789953,  0.753059
t: 10
  0.809368,  0.806839,  0.795727,  0.774204,  0.799224,  0.847327,  0.817566,  0.800644,  0.802830,  0.795548,  0.801175,  0.796540,  0.809620,  0.799543,  0.824033