t: 1
  3.070589, 2.394927, 2.301436, 2.488221, 2.446513, 2.435257, 2.389701, 2.382988, 2.403201, 2.415729, 2.422704, 2.497022, 2.375815, 2.322569, 2.318440
t: 2
  2.525988, 2.562042, 2.409414, 2.462671, 2.431048, 2.519595, 2.441080, 2.573136, 2.488147, 2.514604, 2.366614, 2.424023, 2.410616, 2.480430, 2.492013
t: 3
  2.750808, 2.585477, 2.347603, 2.325739, 2.634862, 2.502273, 2.792548, 2.737895, 2.522757, 2.407217, 2.199467, 2.688429, 2.725862, 2.649466, 2.445276
t: 4
  2.841997, 2.715588, 2.774056, 2.807397, 2.727449, 3.066190, 2.799685, 2.650587, 2.670379, 3.004918, 2.579661, 2.582258, 2.804770, 2.766898, 2.389191
t: 5
  2.895754, 2.667710, 3.187214, 3.418362, 3.286074, 3.239405, 2.867531, 3.423043, 3.138787, 3.696906, 2.761182, 3.141436, 3.362722, 3.092832, 2.875035
t: 10
  4.693841, 4.456234, 4.555821, 3.920773, 4.400591, 4.446468, 4.393428, 4.701020, 4.161605, 4.556853, 4.495051, 3.988696, 4.791703, 4.370866, 4.870679